{
 "cells": [
  {
   "cell_type": "markdown",
   "metadata": {},
   "source": [
    "## Introduction\n",
    "-----\n",
    "\n",
    "In this assignment you will recursively estimate the position of a vehicle along a trajectory using available measurements and a motion model. \n",
    "\n",
    "The vehicle is equipped with a very simple type of LIDAR sensor, which returns range and bearing measurements corresponding to individual landmarks in the environment. The global positions of the landmarks are assumed to be known beforehand. We will also assume known data association, that is, which measurment belong to which landmark.\n",
    "\n",
    "## Motion and Measurement Models\n",
    "-----\n",
    "\n",
    "### Motion Model\n",
    "\n",
    "The vehicle motion model recieves linear and angular velocity odometry readings as inputs, and outputs the state (i.e., the 2D pose) of the vehicle:\n",
    "\n",
    "\\begin{align}\n",
    "\\mathbf{x}_{k} &= \\mathbf{x}_{k-1} + T\n",
    "\\begin{bmatrix}\n",
    "\\cos\\theta_{k-1} &0 \\\\\n",
    "\\sin\\theta_{k-1} &0 \\\\\n",
    "0 &1\n",
    "\\end{bmatrix}\n",
    "\\left(\n",
    "\\begin{bmatrix}\n",
    "v_k \\\\\n",
    "\\omega_k\n",
    "\\end{bmatrix}\n",
    "+ \\mathbf{w}_k\n",
    "\\right)\n",
    "\\, , \\, \\, \\, \\, \\, \\mathbf{w}_k = \\mathcal{N}\\left(\\mathbf{0}, \\mathbf{Q}\\right)\n",
    "\\end{align}\n",
    "\n",
    "- $\\mathbf{x}_k = \\left[ x \\, y \\, \\theta \\right]^T$ is the current 2D pose of the vehicle\n",
    "- $v_k$ and $\\omega_k$ are the linear and angular velocity odometry readings, which we use as inputs to the model\n",
    "\n",
    "The process noise $\\mathbf{w}_k$ has a (zero mean) normal distribution with a constant covariance $\\mathbf{Q}$.\n",
    "\n",
    "### Measurement Model\n",
    "\n",
    "The measurement model relates the current pose of the vehicle to the LIDAR range and bearing measurements $\\mathbf{y}^l_k = \\left[r \\, \\phi \\right]^T$.\n",
    "\n",
    "\\begin{align}\n",
    "\\mathbf{y}^l_k =\n",
    "\\begin{bmatrix}\n",
    "\\sqrt{(x_l - x_k - d\\cos\\theta_{k})^2 + (y_l - y_k - d\\sin\\theta_{k})^2} \\\\\n",
    "atan2\\left(y_l - y_k - d\\sin\\theta_{k},x_l - x_k - d\\cos\\theta_{k}\\right) - \\theta_k\n",
    "\\end{bmatrix}\n",
    "+\n",
    "\\mathbf{n}^l_k\n",
    "\\, , \\, \\, \\, \\, \\, \\mathbf{n}^l_k = \\mathcal{N}\\left(\\mathbf{0}, \\mathbf{R}\\right)\n",
    "\\end{align}\n",
    "\n",
    "- $x_l$ and $y_l$ are the ground truth coordinates of the landmark $l$\n",
    "- $x_k$ and $y_k$ and $\\theta_{k}$ represent the current pose of the vehicle\n",
    "- $d$ is the known distance between robot center and laser rangefinder (LIDAR)\n",
    "\n",
    "The landmark measurement noise $\\mathbf{n}^l_k$ has a (zero mean) normal distribution with a constant covariance $\\mathbf{R}$.\n",
    "\n",
    "## Getting Started\n",
    "-----\n",
    "\n",
    "Since the models above are nonlinear, we recommend using the extended Kalman filter (EKF) as the state estimator.\n",
    "Specifically, you will need to provide code implementing the following steps:\n",
    "- the prediction step, which uses odometry measurements and the motion model to produce a state and covariance estimate at a given timestep, and\n",
    "- the correction step, which uses the range and bearing measurements provided by the LIDAR to correct the pose and pose covariance estimates\n",
    "\n",
    "### Unpack the Data\n",
    "First, let's unpack the available data:"
   ]
  },
  {
   "cell_type": "code",
   "execution_count": 55,
   "metadata": {},
   "outputs": [],
   "source": [
    "import pickle\n",
    "import numpy as np\n",
    "from numpy.linalg import inv\n",
    "import matplotlib.pyplot as plt\n",
    "\n",
    "with open('data/data.pickle', 'rb') as f:\n",
    "    data = pickle.load(f)\n",
    "\n",
    "t = data['t']  # timestamps [s]\n",
    "\n",
    "x_init  = data['x_init'] # initial x position [m]\n",
    "y_init  = data['y_init'] # initial y position [m]\n",
    "th_init = data['th_init'] # initial theta position [rad]\n",
    "\n",
    "# input signal\n",
    "v  = data['v']  # translational velocity input [m/s]\n",
    "om = data['om']  # rotational velocity input [rad/s]\n",
    "\n",
    "# bearing and range measurements, LIDAR constants\n",
    "b = data['b']  # bearing to each landmarks center in the frame attached to the laser [rad]\n",
    "r = data['r']  # range measurements [m]\n",
    "l = data['l']  # x,y positions of landmarks [m]\n",
    "d = data['d']  # distance between robot center and laser rangefinder [m]\n"
   ]
  },
  {
   "cell_type": "markdown",
   "metadata": {},
   "source": [
    "Note that distance from the LIDAR frame to the robot center is provided and loaded as an array into the `d` variable.\n",
    "\n",
    "### Ground Truth\n",
    "If available, it is useful to plot the ground truth position and orientation before starting the assignment.\n",
    "\n",
    "<table><tr>\n",
    "<td> <img src=\"data/gtruth.png\" alt=\"Ground Truth\" width=\"350\"/> </td>\n",
    "<td> <img src=\"data/gtruth2.png\" alt=\"Ground Truth\" width=\"350\"/> </td>\n",
    "</tr></table>\n",
    "\n",
    "Notice that the orientation values are wrapped to the $\\left[-\\pi,\\pi\\right]$ range in radians."
   ]
  },
  {
   "cell_type": "markdown",
   "metadata": {},
   "source": [
    "### Initializing Parameters\n",
    "\n",
    "Now that our data is loaded, we can begin getting things set up for our solver. One of the\n",
    "most important aspects of designing a filter is determining the input and measurement noise covariance matrices, as well as the initial state and covariance values. We set the values here:"
   ]
  },
  {
   "cell_type": "code",
   "execution_count": 56,
   "metadata": {},
   "outputs": [],
   "source": [
    "v_var = 0.01  # translation velocity variance  \n",
    "om_var = 0.01  # rotational velocity variance \n",
    "r_var = 0.001  # range measurements variance\n",
    "b_var = 0.001  # bearing measurement variance\n",
    "\n",
    "Q_km = np.diag([v_var, om_var]) # input noise covariance \n",
    "cov_y = np.diag([r_var, b_var])  # measurement noise covariance \n",
    "\n",
    "x_est = np.zeros([len(v), 3])  # estimated states, x, y, and theta\n",
    "P_est = np.zeros([len(v), 3, 3])  # state covariance matrices\n",
    "\n",
    "x_est[0] = np.array([x_init, y_init, th_init]) # initial state\n",
    "P_est[0] = np.diag([1, 1, 0.1]) # initial state covariance"
   ]
  },
  {
   "cell_type": "markdown",
   "metadata": {},
   "source": [
    "**Remember:** that it is neccessary to tune the measurement noise variances `r_var`, `b_var` in order for the filter to perform well!\n",
    "\n",
    "In order for the orientation estimates to coincide with the bearing measurements, it is also neccessary to wrap all estimated $\\theta$ values to the $(-\\pi , \\pi]$ range."
   ]
  },
  {
   "cell_type": "code",
   "execution_count": 57,
   "metadata": {},
   "outputs": [],
   "source": [
    "# Wraps angle to (-pi,pi] range\n",
    "def wraptopi(x):\n",
    "    if x > np.pi:\n",
    "        x = x - (np.floor(x / (2 * np.pi)) + 1) * 2 * np.pi\n",
    "    elif x < -np.pi:\n",
    "        x = x + (np.floor(x / (-2 * np.pi)) + 1) * 2 * np.pi\n",
    "    return x"
   ]
  },
  {
   "cell_type": "markdown",
   "metadata": {},
   "source": [
    "\n",
    "## Correction Step\n",
    "-----\n",
    "First, let's implement the measurement update function, which takes an available landmark measurement $l$ and updates the current state estimate $\\mathbf{\\check{x}}_k$.\n",
    "For each landmark measurement received at a given timestep $k$, you should implement the following steps:\n",
    "\n",
    "- Compute the measurement model Jacobians at $\\mathbf{\\check{x}}_{k}$\n",
    "\\begin{align}\n",
    "\\mathbf{y}^l_k = &\\mathbf{h}(\\mathbf{x}_{k}, \\mathbf{n}^l_k) \\\\\\\\\n",
    "\\mathbf{H}_{k} = \\frac{\\partial \\mathbf{h}}{\\partial \\mathbf{x}_{k}}\\bigg|_{\\mathbf{\\check{x}}_{k},0}& \\, , \\, \\, \\, \\,\n",
    "\\mathbf{M}_{k} = \\frac{\\partial \\mathbf{h}}{\\partial \\mathbf{n}_{k}}\\bigg|_{\\mathbf{\\check{x}}_{k},0} \\, .\n",
    "\\end{align}\n",
    "- Compute the Kalman Gain\n",
    "\\begin{align}\n",
    "\\mathbf{K}_k &= \\mathbf{\\check{P}}_k \\mathbf{H}_k^T \\left(\\mathbf{H}_k \\mathbf{\\check{P}}_k \\mathbf{H}_k^T + \\mathbf{M}_k \\mathbf{R}_k \\mathbf{M}_k^T \\right)^{-1} \n",
    "\\end{align}\n",
    "- Correct the predicted state\n",
    "\\begin{align}\n",
    "\\mathbf{\\check{y}}^l_k &= \\mathbf{h}\\left(\\mathbf{\\check{x}}_k, \\mathbf{0}\\right) \\\\\n",
    "\\mathbf{\\hat{x}}_k &= \\mathbf{\\check{x}}_k + \\mathbf{K}_k \\left(\\mathbf{y}^l_k - \\mathbf{\\check{y}}^l_k\\right)\n",
    "\\end{align}\n",
    "- Correct the covariance\n",
    "\\begin{align}\n",
    "\\mathbf{\\hat{P}}_k &= \\left(\\mathbf{I} - \\mathbf{K}_k \\mathbf{H}_k \\right)\\mathbf{\\check{P}}_k\n",
    "\\end{align}"
   ]
  },
  {
   "cell_type": "code",
   "execution_count": 58,
   "metadata": {},
   "outputs": [],
   "source": [
    "def measurement_update(lk, rk, bk, P_check, x_check):\n",
    "    \n",
    "    # 1. Compute measurement Jacobian\n",
    "    xl = lk[0]\n",
    "    yl = lk[1]\n",
    "    xk = x_check[0]\n",
    "    yk = x_check[1]\n",
    "    thetak = wraptopi(x_check[2])\n",
    "    equX = xl-xk-d[0]*np.cos(thetak)\n",
    "    equY = yl-yk-d[0]*np.sin(thetak)\n",
    "    equXY = equX**2+equY**2 \n",
    "    print(xl,yl,'\\n',xk,yk,'\\n',thetak,'\\n',equX,equY,equXY)\n",
    "    \n",
    "    H11 = -equX/( equXY )**0.5\n",
    "    H21 = -2*(equX)**3*(equY)**2/equXY**3\n",
    "    H12 = -equY/(equXY)**0.5\n",
    "    H22 = -2*equX**4*equY/equXY**3\n",
    "    H13 = (equX*d[0]*np.sin(thetak)-equY*d[0]*np.cos(thetak))/(equXY)**0.5\n",
    "    H23 = equX**2*( equXY*2*equX*d[0]*np.sin(thetak) - equX**2*(2*equX*d[0]*np.sin(thetak)-2*equY*d[0]*np.cos(thetak)) )/(equXY**3)-1\n",
    "    \n",
    "    H_k = np.array([[H11, H12, H13], [H21, H22, H23]])\n",
    "    \n",
    "    M_k = np.diag([1.0, 1.0])\n",
    "    \n",
    "    R = cov_y\n",
    "    print('H_k: ', H13)\n",
    "\n",
    "    # 2. Compute Kalman Gain\n",
    "    \n",
    "    ppp=(inv((H_k@P_check)@H_k.T + (M_k@R)@M_k.T))\n",
    "    K_k = P_check.dot(H_k.T)@ppp\n",
    "    print('K_k: ',K_k)\n",
    "    print('P_check: ',P_check)\n",
    "\n",
    "    # 3. Correct predicted state (remember to wrap the angles to [-pi,pi])\n",
    "    y11 = equXY**0.5\n",
    "    y12 = wraptopi(np.arctan2(equY, equX)-thetak)\n",
    "    y_check = np.array([y11, y12]).T\n",
    "    y_meas = np.array([rk, bk])\n",
    "    x_hat = x_check+K_k.dot(y_meas-y_check)\n",
    "    x_hat[2] = wraptopi(x_hat[2])\n",
    "\n",
    "    # 4. Correct covariance\n",
    "    P_hat = (np.diag([1, 1, 1])-K_k@H_k)@P_check\n",
    "    \n",
    "    x_check = x_hat\n",
    "    P_check = P_hat\n",
    "\n",
    "    return x_check, P_check\n"
   ]
  },
  {
   "cell_type": "markdown",
   "metadata": {},
   "source": [
    "## Prediction Step\n",
    "-----\n",
    "Now, implement the main filter loop, defining the prediction step of the EKF using the motion model provided:\n",
    "\n",
    "\\begin{align}\n",
    "\\mathbf{\\check{x}}_k &= \\mathbf{f}\\left(\\mathbf{\\hat{x}}_{k-1}, \\mathbf{u}_{k-1}, \\mathbf{0} \\right) \\\\\n",
    "\\mathbf{\\check{P}}_k &= \\mathbf{F}_{k-1}\\mathbf{\\hat{P}}_{k-1}\\mathbf{F}_{k-1}^T + \\mathbf{L}_{k-1}\\mathbf{Q}_{k-1}\\mathbf{L}_{k-1}^T \\, .\n",
    "\\end{align}\n",
    "\n",
    "Where\n",
    "\n",
    "\\begin{align}\n",
    "\\mathbf{F}_{k-1} = \\frac{\\partial \\mathbf{f}}{\\partial \\mathbf{x}_{k-1}}\\bigg|_{\\mathbf{\\hat{x}}_{k-1},\\mathbf{u}_{k},0}  \\, , \\, \\, \\, \\,\n",
    "\\mathbf{L}_{k-1} = \\frac{\\partial \\mathbf{f}}{\\partial \\mathbf{w}_{k}}\\bigg|_{\\mathbf{\\hat{x}}_{k-1},\\mathbf{u}_{k},0} \\, .\n",
    "\\end{align}"
   ]
  },
  {
   "cell_type": "code",
   "execution_count": 59,
   "metadata": {},
   "outputs": [
    {
     "name": "stdout",
     "output_type": "stream",
     "text": [
      "20 0 \n",
      " 50.0 0.6964825212898175 \n",
      " 1.6381619898228383 \n",
      " -30.0 -0.6964825212898175 900.4850879024622\n",
      "H_k:  -0.0\n",
      "K_k:  [[ 9.98760000e-01  7.12988951e-04]\n",
      " [ 2.22187052e-02 -1.24019450e-03]\n",
      " [-6.13849056e-04 -9.90522522e-01]]\n",
      "P_check:  [[ 1.05834640e+00 -2.96036350e-18 -7.63848184e-02]\n",
      " [-2.96036350e-18  1.01000000e+00  4.67722117e-18]\n",
      " [-7.63848184e-02  4.67722117e-18  1.10000000e-01]]\n",
      "-20 0 \n",
      " 49.97998361513869 0.6960114947350429 \n",
      " 1.6178787661540817 \n",
      " -69.97998361513869 -0.6960114947350429 4897.682538775884\n",
      "H_k:  -0.0\n",
      "K_k:  [[ 6.01624448e-01  9.86241504e-03]\n",
      " [-6.13932268e+00 -5.85266258e-01]\n",
      " [-5.78411314e-03 -4.98154748e-01]]\n",
      "P_check:  [[ 1.54260989e-03 -2.34139730e-02 -3.68378330e-05]\n",
      " [-2.34139730e-02  1.00948109e+00  1.56028978e-03]\n",
      " [-3.68378330e-05  1.56028978e-03  9.92932221e-04]]\n",
      "40 10 \n",
      " 49.980494212810655 0.6900708597100528 \n",
      " 1.6171234114558204 \n",
      " -9.980494212810655 9.309929140289947 186.28504532916688\n",
      "H_k:  0.0\n",
      "K_k:  [[ 2.46526740e-02 -7.81376913e-04]\n",
      " [-1.43451791e+00 -4.28998595e-02]\n",
      " [ 1.29633955e-02 -3.31898766e-01]]\n",
      "P_check:  [[ 7.54380924e-04 -1.53558001e-02 -1.42238566e-05]\n",
      " [-1.53558001e-02  9.26633676e-01  8.48539277e-04]\n",
      " [-1.42238566e-05  8.48539277e-04  4.98395832e-04]]\n",
      "-40 -10 \n",
      " 49.981455919876716 0.6341809066824139 \n",
      " 1.6178952836244493 \n",
      " -89.98145591987671 -10.634180906682413 8209.748213016765\n",
      "H_k:  -0.0\n",
      "K_k:  [[ 3.29992757e-01 -1.28935647e-05]\n",
      " [ 4.83547286e-01  1.77793456e-02]\n",
      " [-7.57187124e-04 -2.49510794e-01]]\n",
      "P_check:  [[ 4.82928957e-04  4.81571279e-04 -1.07126931e-07]\n",
      " [ 4.81571279e-04  2.61930249e-03 -1.91195592e-05]\n",
      " [-1.07126931e-07 -1.91195592e-05  3.32442332e-04]]\n",
      "0 20 \n",
      " 49.981190927896456 0.6338354937975778 \n",
      " 1.6172946651426936 \n",
      " -49.981190927896456 19.366164506202423 2873.1677742521338\n",
      "H_k:  0.0\n",
      "K_k:  [[ 0.14556089 -0.00160606]\n",
      " [-0.42711729 -0.00722756]\n",
      " [ 0.00381381 -0.19957795]]\n",
      "P_check:  [[ 3.06016218e-04  2.22310208e-04  6.64186644e-07]\n",
      " [ 2.22310208e-04  2.23893994e-03 -1.20715866e-05]\n",
      " [ 6.64186644e-07 -1.20715866e-05  2.49480574e-04]]\n",
      "0 -20 \n",
      " 49.98137299497925 0.6332786192315892 \n",
      " 1.6169211311177627 \n",
      " -49.98137299497925 -20.63327861923159 2923.8698330420807\n",
      "H_k:  -0.0\n",
      "K_k:  [[ 0.21426919  0.00094523]\n",
      " [ 0.59797869  0.01930916]\n",
      " [-0.00116955 -0.16647331]]\n",
      "P_check:  [[ 2.76169772e-04  3.09867661e-04 -4.61292674e-07]\n",
      " [ 3.09867661e-04  1.98190351e-03 -1.17464554e-05]\n",
      " [-4.61292674e-07 -1.17464554e-05  1.99695834e-04]]\n",
      "60 -30 \n",
      " 49.980741877286775 0.6315394777129446 \n",
      " 1.6167031944224237 \n",
      " 10.019258122713225 -30.631539477712945 1038.6767441042416\n",
      "H_k:  0.0\n",
      "K_k:  [[ 0.00964733 -0.00095695]\n",
      " [ 0.57582442  0.0019931 ]\n",
      " [-0.00189084 -0.14267327]]\n",
      "P_check:  [[ 1.96132764e-04  8.64212916e-05  7.79351507e-07]\n",
      " [ 8.64212916e-05  1.35775510e-03 -4.95286078e-06]\n",
      " [ 7.79351507e-07 -4.95286078e-06  1.66425593e-04]]\n",
      "-60 30 \n",
      " 49.98052412391309 0.6185944359061192 \n",
      " 1.6166199424236545 \n",
      " -109.98052412391309 29.381405564093882 12958.982679492394\n",
      "H_k:  0.0\n",
      "K_k:  [[ 0.14322641 -0.00058951]\n",
      " [-0.0765386  -0.00059784]\n",
      " [ 0.00086876 -0.12485108]]\n",
      "P_check:  [[ 1.95927563e-04  7.42361555e-05  6.67838250e-07]\n",
      " [ 7.42361555e-05  6.30126776e-04 -1.77097760e-06]\n",
      " [ 6.67838250e-07 -1.77097760e-06  1.42671173e-04]]\n",
      "20 0 \n",
      " 49.953339251504474 1.2072021332952794 \n",
      " 1.7276055520197497 \n",
      " -29.953339251504474 -1.2072021332952794 898.6598693063513\n",
      "H_k:  -0.0\n",
      "K_k:  [[ 0.19144367  0.0062252 ]\n",
      " [ 0.05029853  0.00267206]\n",
      " [-0.0061724  -0.91005477]]\n",
      "P_check:  [[ 2.52884764e-04 -3.64642675e-04 -8.69110122e-05]\n",
      " [-3.64642675e-04  1.06025793e-02 -5.76204403e-06]\n",
      " [-8.69110122e-05 -5.76204403e-06  1.01248585e-02]]\n",
      "-20 0 \n",
      " 49.96467702200812 1.2102999796059002 \n",
      " 1.622743039904609 \n",
      " -69.96467702200812 -1.2102999796059002 4896.520856834544\n",
      "H_k:  -0.0\n",
      "K_k:  [[ 0.16728528  0.00309478]\n",
      " [-0.16158215 -0.01013572]\n",
      " [-0.00299741 -0.47646201]]\n",
      "P_check:  [[ 2.06786911e-04 -3.76843192e-04 -7.21205860e-06]\n",
      " [-3.76843192e-04  1.05993385e-02  2.56719221e-05]\n",
      " [-7.21205860e-06  2.56719221e-05  9.10122737e-04]]\n",
      "40 10 \n",
      " 49.9718936259235 1.2032647280202515 \n",
      " 1.61830207361664 \n",
      " -9.9718936259235 8.796735271979749 176.82121393202635\n",
      "H_k:  0.0\n",
      "K_k:  [[ 0.05888551  0.0027883 ]\n",
      " [-1.19385229 -0.0391012 ]\n",
      " [ 0.01124398 -0.32231081]]\n",
      "P_check:  [[ 1.73268285e-04 -3.44417069e-04 -3.26345808e-06]\n",
      " [-3.44417069e-04  1.05678718e-02  1.53538853e-05]\n",
      " [-3.26345808e-06  1.53538853e-05  4.76469563e-04]]\n",
      "-40 -10 \n",
      " 49.971738019010786 1.2065512808307286 \n",
      " 1.615831776284611 \n",
      " -89.97173801901079 -11.206551280830729 8220.5004337714\n",
      "H_k:  -0.0\n",
      "K_k:  [[ 0.13448846  0.00066355]\n",
      " [ 0.26473447  0.01681539]\n",
      " [-0.00199267 -0.24406919]]\n",
      "P_check:  [[ 1.52147454e-04  8.34597444e-05 -1.19109753e-06]\n",
      " [ 8.34597444e-05  1.89927275e-03 -1.83469612e-05]\n",
      " [-1.19109753e-06 -1.83469612e-05  3.22855076e-04]]\n",
      "0 20 \n",
      " 49.977273432084246 1.2174787409786185 \n",
      " 1.6152580106643535 \n",
      " -49.977273432084246 18.782521259021383 2850.5109645509037\n",
      "H_k:  0.0\n",
      "K_k:  [[ 8.21470471e-02  2.98739952e-04]\n",
      " [-4.57518820e-01 -3.97892286e-03]\n",
      " [ 3.26225523e-03 -1.96085282e-01]]\n",
      "P_check:  [[ 1.30453964e-04  4.07344156e-05 -5.12894307e-07]\n",
      " [ 4.07344156e-05  1.81480702e-03 -1.20039574e-05]\n",
      " [-5.12894307e-07 -1.20039574e-05  2.44037289e-04]]\n",
      "0 -20 \n",
      " 49.978551508825475 1.2103566852695384 \n",
      " 1.6149873812426494 \n",
      " -49.978551508825475 -21.210356685269538 2947.7348416366794\n",
      "H_k:  -0.0\n",
      "K_k:  [[ 0.10486185  0.00072566]\n",
      " [ 0.48781661  0.01782071]\n",
      " [-0.00212919 -0.1640373 ]]\n",
      "P_check:  [[ 1.21599600e-04  9.00502697e-05 -7.47490555e-07]\n",
      " [ 9.00502697e-05  1.54012750e-03 -1.12620622e-05]\n",
      " [-7.47490555e-07 -1.12620622e-05  1.96196392e-04]]\n",
      "60 -30 \n",
      " 49.98334803858956 1.232690041403417 \n",
      " 1.6146636563516956 \n",
      " 10.016651961410439 -31.232690041403416 1075.8142437384076\n",
      "H_k:  0.0\n",
      "K_k:  [[-7.19206272e-03 -3.96251830e-05]\n",
      " [ 5.45992047e-01  2.40535753e-03]\n",
      " [-2.01548053e-03 -1.40872285e-01]]\n",
      "P_check:  [[ 1.06171150e-04  1.82452837e-05 -7.15180105e-08]\n",
      " [ 1.82452837e-05  1.20569292e-03 -5.28166947e-06]\n",
      " [-7.15180105e-08 -5.28166947e-06  1.63982405e-04]]\n",
      "-60 30 \n",
      " 49.98302674758217 1.2570810959628016 \n",
      " 1.6145625480360442 \n",
      " -109.98302674758217 28.742918904037197 12922.421559683435\n",
      "H_k:  0.0\n",
      "K_k:  [[ 8.53782798e-02  9.39664320e-05]\n",
      " [-1.08160338e-01 -6.40801200e-05]\n",
      " [ 4.01456665e-04 -1.23470641e-01]]\n",
      "P_check:  [[ 1.06062907e-04  2.64626067e-05 -1.14030273e-07]\n",
      " [ 2.64626067e-05  5.81870837e-04 -2.15316617e-06]\n",
      " [-1.14030273e-07 -2.15316617e-06  1.40871377e-04]]\n",
      "20 0 \n",
      " 49.95982656962622 1.8312993878573856 \n",
      " 1.801345266833223 \n",
      " -29.959826569626223 -1.8312993878573856 900.9448655300482\n",
      "H_k:  -0.0\n",
      "K_k:  [[ 0.13905031  0.00715196]\n",
      " [ 0.21094097  0.00256534]\n",
      " [-0.00640969 -0.91002738]]\n",
      "P_check:  [[ 1.89179298e-04 -3.95327547e-04 -9.44061973e-05]\n",
      " [-3.95327547e-04  1.05498784e-02 -6.24205289e-06]\n",
      " [-9.44061973e-05 -6.24205289e-06  1.01234787e-02]]\n",
      "-20 0 \n",
      " 49.96075107188879 1.8308045868217522 \n",
      " 1.5929615556764118 \n",
      " -69.96075107188878 -1.8308045868217522 4897.8585359779145\n",
      "H_k:  -0.0\n",
      "K_k:  [[ 0.13412613  0.00392516]\n",
      " [-0.13513581 -0.01613369]\n",
      " [-0.00360003 -0.47647391]]\n",
      "P_check:  [[ 1.65612564e-04 -4.30309302e-04 -8.84744212e-06]\n",
      " [-4.30309302e-04  1.04972143e-02  3.96856003e-05]\n",
      " [-8.84744212e-06  3.96856003e-05  9.10185335e-04]]\n",
      "40 10 \n",
      " 49.959773042618004 1.8315504160135962 \n",
      " 1.5836175598951967 \n",
      " -9.959773042618004 8.168449583986403 165.9206476665879\n",
      "H_k:  0.0\n",
      "K_k:  [[ 0.06502291  0.00334479]\n",
      " [-1.21855832 -0.04718374]\n",
      " [ 0.01225488 -0.32218724]]\n",
      "P_check:  [[ 1.44883562e-04 -4.09320376e-04 -4.22791524e-06]\n",
      " [-4.09320376e-04  1.04756793e-02  2.39465284e-05]\n",
      " [-4.22791524e-06  2.39465284e-05  4.76491703e-04]]\n",
      "-40 -10 \n",
      " 49.957084863321825 1.8821282988539283 \n",
      " 1.578941030394941 \n",
      " -89.95708486332182 -11.882128298853928 8233.46209001731\n",
      "H_k:  -0.0\n",
      "K_k:  [[ 0.10776189  0.00079624]\n",
      " [ 0.26015635  0.01910531]\n",
      " [-0.00252617 -0.2440882 ]]\n",
      "P_check:  [[ 1.20645071e-04  4.45661301e-05 -1.43094558e-06]\n",
      " [ 4.45661301e-05  1.97591245e-03 -2.10697599e-05]\n",
      " [-1.43094558e-06 -2.10697599e-05  3.22887467e-04]]\n",
      "0 20 \n",
      " 49.95649428794231 1.8807868074952911 \n",
      " 1.5777580026909426 \n",
      " -49.95649428794231 18.11921319250471 2823.9572082566497\n",
      "H_k:  0.0\n",
      "K_k:  [[ 0.07391533  0.00063896]\n",
      " [-0.48601153 -0.00309021]\n",
      " [ 0.00348526 -0.19608449]]\n",
      "P_check:  [[ 1.07125918e-04  1.19010084e-05 -7.23606233e-07]\n",
      " [ 1.19010084e-05  1.89659606e-03 -1.38129085e-05]\n",
      " [-7.23606233e-07 -1.38129085e-05  2.44049424e-04]]\n",
      "0 -20 \n",
      " 49.95603184202208 1.8838317404764406 \n",
      " 1.57698833085757 \n",
      " -49.95603184202208 -21.88383174047644 2974.507209046608\n",
      "H_k:  -0.0\n",
      "K_k:  [[ 0.08330623  0.00067001]\n",
      " [ 0.49953392  0.0188533 ]\n",
      " [-0.00262664 -0.16404622]]\n",
      "P_check:  [[ 9.99814656e-05  5.88764407e-05 -8.65595104e-07]\n",
      " [ 5.88764407e-05  1.58772674e-03 -1.26082791e-05]\n",
      " [-8.65595104e-07 -1.26082791e-05  1.96207703e-04]]\n",
      "60 -30 \n",
      " 49.95557466164242 1.8811330085208204 \n",
      " 1.5765308147463724 \n",
      " 10.044425338357577 -31.88113300852082 1117.2971222848355\n",
      "H_k:  0.0\n",
      "K_k:  [[-1.21317836e-02  1.62488496e-04]\n",
      " [ 5.54066722e-01  2.67350587e-03]\n",
      " [-2.22537590e-03 -1.40870563e-01]]\n",
      "P_check:  [[ 9.03829571e-05  1.29173418e-06 -2.46540414e-07]\n",
      " [ 1.29173418e-06  1.24199328e-03 -5.98333909e-06]\n",
      " [-2.46540414e-07 -5.98333909e-06  1.63983132e-04]]\n",
      "-60 30 \n",
      " 49.955741325925395 1.873543754671901 \n",
      " 1.5762484981236429 \n",
      " -109.9557413259254 28.1264562453281 12881.362591454175\n",
      "H_k:  0.0\n",
      "K_k:  [[ 0.07491354  0.00026041]\n",
      " [-0.11681547  0.0001894 ]\n",
      " [ 0.00031777 -0.12346901]]\n",
      "P_check:  [[ 9.00683880e-05  1.56571683e-05 -2.88229590e-07]\n",
      " [ 1.56571683e-05  5.85848018e-04 -2.42401998e-06]\n",
      " [-2.88229590e-07 -2.42401998e-06  1.40869860e-04]]\n",
      "20 0 \n",
      " 49.951923577944534 2.513549791015786 \n",
      " 1.7517509854078959 \n",
      " -29.951923577944534 -2.513549791015786 903.4356585709452\n",
      "H_k:  -0.0\n",
      "K_k:  [[ 0.13206682  0.0078128 ]\n",
      " [ 0.69638382 -0.00113851]\n",
      " [-0.00380845 -0.91003329]]\n",
      "P_check:  [[ 1.66552532e-04 -2.38995507e-05 -1.00908438e-04]\n",
      " [-2.38995507e-05  1.05704155e-02 -2.87951373e-06]\n",
      " [-1.00908438e-04 -2.87951373e-06  1.01234778e-02]]\n",
      "-20 0 \n",
      " 49.943239033924876 2.464543988665157 \n",
      " 1.6829628178754845 \n",
      " -69.94323903392487 -2.464543988665157 4898.130663628817\n",
      "H_k:  -0.0\n",
      "K_k:  [[ 0.12134719  0.00395274]\n",
      " [ 0.18613699 -0.02462496]\n",
      " [-0.00289199 -0.47651764]]\n",
      "P_check:  [[ 1.44109513e-04 -1.37971149e-04 -8.50347303e-06]\n",
      " [-1.37971149e-04  9.97149671e-03  5.57872876e-05]\n",
      " [-8.50347303e-06  5.57872876e-05  9.10335471e-04]]\n",
      "40 10 \n",
      " 49.936031172454825 2.4532470838391838 \n",
      " 1.679399124256703 \n",
      " -9.936031172454825 7.546752916160816 155.6781950375758\n",
      "H_k:  0.0\n",
      "K_k:  [[ 0.04099481  0.00215134]\n",
      " [-1.25652551 -0.05894016]\n",
      " [ 0.01284353 -0.32204486]]\n",
      "P_check:  [[ 1.27189565e-04 -1.63668149e-04 -4.11253277e-06]\n",
      " [-1.63668149e-04  9.93067456e-03  3.45878420e-05]\n",
      " [-4.11253277e-06  3.45878420e-05  4.76552211e-04]]\n",
      "-40 -10 \n",
      " 49.93244477253825 2.563224015786936 \n",
      " 1.675936273211402 \n",
      " -89.93244477253825 -12.563224015786936 8245.679220436488\n",
      "H_k:  -0.0\n",
      "K_k:  [[ 0.1099611   0.00126712]\n",
      " [ 0.33087651  0.02137236]\n",
      " [-0.0031968  -0.24410347]]\n",
      "P_check:  [[ 1.18948421e-04  8.88300747e-05 -2.09225896e-06]\n",
      " [ 8.88300747e-05  2.19437706e-03 -2.39889801e-05]\n",
      " [-2.09225896e-06 -2.39889801e-05  3.22918243e-04]]\n",
      "0 20 \n",
      " 49.926070090622936 2.5440349776987543 \n",
      " 1.6762246511216354 \n",
      " -49.926070090622936 17.455965022301246 2797.3231895535987\n",
      "H_k:  0.0\n",
      "K_k:  [[ 0.06488926  0.00066831]\n",
      " [-0.49479732 -0.00298395]\n",
      " [ 0.00351236 -0.19608249]]\n",
      "P_check:  [[ 1.04640056e-04  4.57335762e-05 -1.09018478e-06]\n",
      " [ 4.57335762e-05  2.06416346e-03 -1.53021520e-05]\n",
      " [-1.09018478e-06 -1.53021520e-05  2.44058167e-04]]\n",
      "0 -20 \n",
      " 49.92392108217329 2.560421524206311 \n",
      " 1.6761266143932954 \n",
      " -49.92392108217329 -22.560421524206312 3001.3705155689377\n",
      "H_k:  -0.0\n",
      "K_k:  [[ 0.08743192  0.00098586]\n",
      " [ 0.55328269  0.01994094]\n",
      " [-0.00296461 -0.16405026]]\n",
      "P_check:  [[ 9.92092947e-05  8.71424219e-05 -1.18811668e-06]\n",
      " [ 8.71424219e-05  1.74842088e-03 -1.40402434e-05]\n",
      " [-1.18811668e-06 -1.40402434e-05  1.96217503e-04]]\n",
      "60 -30 \n",
      " 49.918307264721356 2.5248883875051353 \n",
      " 1.6764131080975293 \n",
      " 10.081692735278644 -32.524888387505136 1159.5088930282366\n",
      "H_k:  0.0\n",
      "K_k:  [[-4.41314251e-03  2.64377486e-04]\n",
      " [ 5.67295991e-01  2.74241575e-03]\n",
      " [-2.29050006e-03 -1.40869353e-01]]\n",
      "P_check:  [[ 8.81648081e-05  1.72161761e-05 -3.94348767e-07]\n",
      " [ 1.72161761e-05  1.30547045e-03 -6.32646802e-06]\n",
      " [-3.94348767e-07 -6.32646802e-06  1.63982828e-04]]\n",
      "-60 30 \n",
      " 49.918640396091874 2.4820752738766036 \n",
      " 1.676547975109149 \n",
      " -109.91864039609187 27.517924726123397 12839.343687757953\n",
      "H_k:  0.0\n",
      "K_k:  [[ 0.07219842  0.00030939]\n",
      " [-0.11188263  0.00025341]\n",
      " [ 0.0002547  -0.12346809]]\n",
      "P_check:  [[ 8.81221088e-05  2.26947935e-05 -3.77147417e-07]\n",
      " [ 2.26947935e-05  6.00958763e-04 -2.51491684e-06]\n",
      " [-3.77147417e-07 -2.51491684e-06  1.40868793e-04]]\n",
      "20 0 \n",
      " 49.85112000505816 3.094145143410726 \n",
      " 1.706642366788198 \n",
      " -29.851120005058164 -3.094145143410726 900.6630997248758\n",
      "H_k:  -0.0\n",
      "K_k:  [[ 0.12062317  0.00563864]\n",
      " [ 0.06570737  0.00676658]\n",
      " [-0.00578022 -0.91001089]]\n",
      "P_check:  [[ 2.44058074e-04 -1.00972115e-03 -7.90363226e-05]\n",
      " [-1.00972115e-03  1.04768671e-02 -1.07927865e-05]\n",
      " [-7.90363226e-05 -1.07927865e-05  1.01234771e-02]]\n",
      "-20 0 \n",
      " 49.862111074434125 3.1004970900386146 \n",
      " 1.6163109302975454 \n",
      " -69.86211107443413 -3.1004970900386146 4890.32764598191\n",
      "H_k:  -0.0\n",
      "K_k:  [[ 0.15687159  0.00506414]\n",
      " [-0.47878792 -0.02384227]\n",
      " [-0.00459801 -0.47652909]]\n",
      "P_check:  [[ 2.26924739e-04 -1.01932181e-03 -1.23359205e-05]\n",
      " [-1.01932181e-03  1.04713397e-02  6.29480759e-05]\n",
      " [-1.23359205e-05  6.29480759e-05  9.10425649e-04]]\n",
      "40 10 \n",
      " 49.873624626651385 3.06529197023694 \n",
      " 1.6123039274687094 \n",
      " -9.873624626651385 6.93470802976306 145.57863872607695\n",
      "H_k:  0.0\n",
      "K_k:  [[ 0.129362    0.00618138]\n",
      " [-1.22792037 -0.06331571]\n",
      " [ 0.01489427 -0.32189133]]\n",
      "P_check:  [[ 1.98395223e-04 -9.32154092e-04 -6.23035848e-06]\n",
      " [-9.32154092e-04  1.02048776e-02  3.66791070e-05]\n",
      " [-6.23035848e-06  3.66791070e-05  4.76575068e-04]]\n",
      "-40 -10 \n",
      " 49.875787661479556 3.0447174968769617 \n",
      " 1.6095867270725537 \n",
      " -89.87578766147956 -13.044717496876961 8247.82186234469\n",
      "H_k:  -0.0\n",
      "K_k:  [[ 0.08548973 -0.00049174]\n",
      " [ 0.19626748  0.0234665 ]\n",
      " [-0.00225088 -0.24415871]]\n",
      "P_check:  [[ 1.07765018e-04 -7.16394235e-05  1.13049496e-07]\n",
      " [-7.16394235e-05  2.03444065e-03 -2.57533697e-05]\n",
      " [ 1.13049496e-07 -2.57533697e-05  3.22995008e-04]]\n",
      "0 20 \n",
      " 49.88181802950126 3.0585979268423307 \n",
      " 1.6090715519506498 \n",
      " -49.88181802950126 16.94140207315767 2775.206874132668\n",
      "H_k:  0.0\n",
      "K_k:  [[ 0.09136177  0.00064872]\n",
      " [-0.53752975 -0.00118125]\n",
      " [ 0.00458591 -0.19610051]]\n",
      "P_check:  [[ 9.95273016e-05 -9.05446293e-05  2.60854415e-07]\n",
      " [-9.05446293e-05  1.99025359e-03 -1.74679144e-05]\n",
      " [ 2.60854415e-07 -1.74679144e-05  2.44105824e-04]]\n",
      "0 -20 \n",
      " 49.88428587509525 3.0440821890789516 \n",
      " 1.608904717699182 \n",
      " -49.88428587509525 -23.044082189078953 3019.4717012052533\n",
      "H_k:  -0.0\n",
      "K_k:  [[ 5.23788034e-02 -3.41099677e-04]\n",
      " [ 4.85713398e-01  2.05721548e-02]\n",
      " [-3.03140406e-03 -1.64077874e-01]]\n",
      "P_check:  [[ 8.82564257e-05 -2.42346193e-05 -1.16691360e-07]\n",
      " [-2.42346193e-05  1.60012288e-03 -1.46037223e-05]\n",
      " [-1.16691360e-07 -1.46037223e-05  1.96243444e-04]]\n",
      "60 -30 \n",
      " 49.888761391775084 3.085612445170253 \n",
      " 1.6084494631796682 \n",
      " 10.111238608224916 -33.085612445170256 1196.894897064463\n",
      "H_k:  0.0\n",
      "K_k:  [[-3.63098044e-02  6.47926046e-06]\n",
      " [ 5.62321657e-01  3.19010587e-03]\n",
      " [-2.77416593e-03 -1.40876992e-01]]\n",
      "P_check:  [[ 8.45922346e-05 -5.82198343e-05  1.42651225e-07]\n",
      " [-5.82198343e-05  1.28423730e-03 -7.53733027e-06]\n",
      " [ 1.42651225e-07 -7.53733027e-06  1.64000418e-04]]\n",
      "-60 30 \n",
      " 49.88605753452436 3.1274820160446026 \n",
      " 1.6084333859551556 \n",
      " -109.88605753452435 26.872517983955397 12797.077863278802\n",
      "H_k:  0.0\n",
      "K_k:  [[ 0.07385599  0.000209  ]\n",
      " [-0.13563213  0.00065722]\n",
      " [ 0.00052779 -0.12347248]]\n",
      "P_check:  [[ 8.16728870e-05 -1.30076502e-05 -1.19529447e-07]\n",
      " [-1.30076502e-05  5.84019763e-04 -2.93735241e-06]\n",
      " [-1.19529447e-07 -2.93735241e-06  1.40875965e-04]]\n",
      "20 0 \n",
      " 49.862086308030094 3.846230990429286 \n",
      " 1.5874604515471353 \n",
      " -29.862086308030094 -3.846230990429286 906.537691499977\n",
      "H_k:  -0.0\n",
      "K_k:  [[ 8.27564049e-02  6.85515534e-03]\n",
      " [ 7.96164312e-01  1.47826811e-03]\n",
      " [-3.63123710e-04 -9.10028873e-01]]\n",
      "P_check:  [[ 1.51187846e-04 -3.74485528e-04 -8.70566060e-05]\n",
      " [-3.74485528e-04  1.05494961e-02 -6.04684839e-06]\n",
      " [-8.70566060e-05 -6.04684839e-06  1.01234827e-02]]\n",
      "-20 0 \n",
      " 49.8609455823913 3.8410570322185116 \n",
      " 1.6693367655127367 \n",
      " -69.86094558239131 -3.8410570322185116 4895.305436790595\n",
      "H_k:  -0.0\n",
      "K_k:  [[ 0.10425225  0.00476088]\n",
      " [ 0.07265843 -0.03325355]\n",
      " [-0.00280585 -0.47660271]]\n",
      "P_check:  [[ 1.42160729e-04 -4.55906799e-04 -1.04481967e-05]\n",
      " [-4.55906799e-04  9.77212547e-03  7.82770834e-05]\n",
      " [-1.04481967e-05  7.82770834e-05  9.10660545e-04]]\n",
      "40 10 \n",
      " 49.86108034717222 3.8413828544970565 \n",
      " 1.6723544304006166 \n",
      " -9.86108034717222 6.1586171455029435 135.169470758269\n",
      "H_k:  0.0\n",
      "K_k:  [[ 0.08348756  0.00389883]\n",
      " [-1.30348311 -0.08458546]\n",
      " [ 0.01581823 -0.32160891]]\n",
      "P_check:  [[ 1.29925378e-04 -4.64077660e-04 -5.47362435e-06]\n",
      " [-4.64077660e-04  9.76412411e-03  4.84441894e-05]\n",
      " [-5.47362435e-06  4.84441894e-05  4.76677810e-04]]\n",
      "-40 -10 \n",
      " 49.86540643031841 3.7740412529705885 \n",
      " 1.6759079390285452 \n",
      " -89.86540643031842 -13.774041252970589 8265.51548532485\n",
      "H_k:  -0.0\n",
      "K_k:  [[ 0.08598124  0.00039514]\n",
      " [ 0.32537633  0.02805102]\n",
      " [-0.00356328 -0.24419557]]\n",
      "P_check:  [[ 1.00079780e-04  2.63830957e-06 -1.07557143e-06]\n",
      " [ 2.63830957e-06  2.46494051e-03 -3.15838461e-05]\n",
      " [-1.07557143e-06 -3.15838461e-05  3.23066731e-04]]\n",
      "0 20 \n",
      " 49.86532560581569 3.7737688342774782 \n",
      " 1.6756037793632732 \n",
      " -49.86532560581569 16.22623116572252 2749.8412756174826\n",
      "H_k:  0.0\n",
      "K_k:  [[ 0.07266349  0.00072524]\n",
      " [-0.56836904 -0.00093012]\n",
      " [ 0.00473538 -0.19610015]]\n",
      "P_check:  [[ 9.15393120e-05 -2.97112183e-05 -4.45033278e-07]\n",
      " [-2.97112183e-05  2.34147409e-03 -2.06157744e-05]\n",
      " [-4.45033278e-07 -2.06157744e-05  2.44129761e-04]]\n",
      "0 -20 \n",
      " 49.86589372226486 3.769328718973032 \n",
      " 1.6754896630787843 \n",
      " -49.86589372226486 -23.769328718973032 3051.5883444708097\n",
      "H_k:  -0.0\n",
      "K_k:  [[ 6.03539606e-02  2.76288924e-04]\n",
      " [ 5.86137037e-01  2.27436548e-02]\n",
      " [-3.67509617e-03 -1.64087220e-01]]\n",
      "P_check:  [[ 8.45454165e-05  2.49897411e-05 -7.00905947e-07]\n",
      " [ 2.49897411e-05  1.91361659e-03 -1.74574731e-05]\n",
      " [-7.00905947e-07 -1.74574731e-05  1.96266412e-04]]\n",
      "60 -30 \n",
      " 49.86566166698507 3.7670924682319087 \n",
      " 1.6753615573126213 \n",
      " 10.13433833301493 -33.76709246823191 1242.92134720614\n",
      "H_k:  0.0\n",
      "K_k:  [[-2.05841717e-02  1.89080932e-04]\n",
      " [ 5.87993718e-01  3.29942879e-03]\n",
      " [-2.86222734e-03 -1.40875649e-01]]\n",
      "P_check:  [[ 7.92899380e-05 -2.60772787e-05 -1.55084881e-07]\n",
      " [-2.60772787e-05  1.41692139e-03 -8.21576485e-06]\n",
      " [-1.55084881e-07 -8.21576485e-06  1.64001473e-04]]\n",
      "-60 30 \n",
      " 49.86565229695802 3.7673705993393707 \n",
      " 1.6751906464185142 \n",
      " -109.86565229695802 26.232629400660628 12758.612399908481\n",
      "H_k:  0.0\n",
      "K_k:  [[ 0.06842387  0.00029488]\n",
      " [-0.12723175  0.00073   ]\n",
      " [ 0.00041112 -0.12347152]]\n",
      "P_check:  [[ 7.83066410e-05  2.01051287e-06 -2.85134100e-07]\n",
      " [ 2.01051287e-06  6.14507941e-04 -3.07393144e-06]\n",
      " [-2.85134100e-07 -3.07393144e-06  1.40874861e-04]]\n",
      "20 0 \n",
      " 49.789058891428574 4.501259027240735 \n",
      " 1.8248904690007577 \n",
      " -29.789058891428574 -4.501259027240735 907.649362467316\n",
      "H_k:  -0.0\n",
      "K_k:  [[ 0.10207987  0.00794123]\n",
      " [ 0.46928529  0.00521172]\n",
      " [-0.00403542 -0.90996158]]\n",
      "P_check:  [[ 2.78411146e-04 -1.01132038e-03 -1.09359068e-04]\n",
      " [-1.01132038e-03  1.04897607e-02 -1.43368815e-05]\n",
      " [-1.09359068e-04 -1.43368815e-05  1.01234820e-02]]\n",
      "-20 0 \n",
      " 49.791668033487504 4.508462188746451 \n",
      " 1.6855125967354718 \n",
      " -69.7916680334875 -4.508462188746451 4891.203158203877\n",
      "H_k:  -0.0\n",
      "K_k:  [[ 0.16713616  0.00728674]\n",
      " [-0.34953776 -0.03544655]\n",
      " [-0.00560583 -0.47661151]]\n",
      "P_check:  [[ 2.64938741e-04 -1.07012129e-03 -1.77071055e-05]\n",
      " [-1.07012129e-03  1.02229547e-02  9.01752243e-05]\n",
      " [-1.77071055e-05  9.01752243e-05  9.10791126e-04]]\n",
      "40 10 \n",
      " 49.79534121131038 4.500456349940761 \n",
      " 1.6777516892979227 \n",
      " -9.79534121131038 5.499543650059239 126.19368980490239\n",
      "H_k:  0.0\n",
      "K_k:  [[ 0.15512452  0.00818588]\n",
      " [-1.29862752 -0.09263164]\n",
      " [ 0.01733613 -0.32137285]]\n",
      "P_check:  [[ 2.32164861e-04 -1.00126120e-03 -9.08983288e-06]\n",
      " [-1.00126120e-03  1.00774981e-02  5.37520625e-05]\n",
      " [-9.08983288e-06  5.37520625e-05  4.76708703e-04]]\n",
      "-40 -10 \n",
      " 49.80872643950008 4.388376598165486 \n",
      " 1.6789120807517606 \n",
      " -89.80872643950008 -14.388376598165486 8272.632725815596\n",
      "H_k:  -0.0\n",
      "K_k:  [[ 0.09319882 -0.00075615]\n",
      " [ 0.25838042  0.03146128]\n",
      " [-0.00332662 -0.24425037]]\n",
      "P_check:  [[ 1.24181355e-04 -9.56820371e-05  1.48346625e-07]\n",
      " [-9.56820371e-05  2.48220948e-03 -3.51472844e-05]\n",
      " [ 1.48346625e-07 -3.51472844e-05  3.23148022e-04]]\n",
      "0 20 \n",
      " 49.8097144023463 4.391491667140146 \n",
      " 1.6761391765951603 \n",
      " -49.8097144023463 15.608508332859854 2724.63318122026\n",
      "H_k:  0.0\n",
      "K_k:  [[ 0.10497896  0.00080811]\n",
      " [-0.6021489   0.00075694]\n",
      " [ 0.00548814 -0.19611169]]\n",
      "P_check:  [[ 1.14163919e-04 -1.23440562e-04  4.08453796e-07]\n",
      " [-1.23440562e-04  2.40379974e-03 -2.35782103e-05]\n",
      " [ 4.08453796e-07 -2.35782103e-05  2.44172622e-04]]\n",
      "0 -20 \n",
      " 49.811463960106614 4.381500923798295 \n",
      " 1.6746101579899724 \n",
      " -49.811463960106614 -24.381500923798296 3075.639529146177\n",
      "H_k:  -0.0\n",
      "K_k:  [[ 5.15457344e-02 -4.81080408e-04]\n",
      " [ 5.65897917e-01  2.39322777e-02]\n",
      " [-3.99003935e-03 -1.64108243e-01]]\n",
      "P_check:  [[ 9.88516155e-05 -3.56166638e-05 -1.75477806e-07]\n",
      " [-3.56166638e-05  1.90004856e-03 -1.89134258e-05]\n",
      " [-1.75477806e-07 -1.89134258e-05  1.96290849e-04]]\n",
